#usda 1.0
(
    customLayerData = {
        dictionary cameraSettings = {
            dictionary Front = {
                double3 position = (0, 0, 50000)
                double radius = 500
            }
            dictionary Perspective = {
                double3 position = (1695.0460820974306, 1695.0460535737957, 1695.0460820974301)
                double3 target = (-0.000003978037739216234, 0.000007956077524795546, -0.000003978037966589909)
            }
            dictionary Right = {
                double3 position = (-50000, 0, 0)
                double radius = 500
            }
            dictionary Top = {
                double3 position = (0, 50000, 0)
                double radius = 500
            }
            string boundCamera = "/OmniverseKit_Persp"
        }
        dictionary navmeshSettings = {
            double agentHeight = 180
            double agentRadius = 20
            bool excludeRigidBodies = 1
            uint64 ver = 1
            double voxelCeiling = 460
        }
        dictionary omni_layer = {
            dictionary muteness = {
            }
        }
        dictionary renderSettings = {
        }
    }
    defaultPrim = "root"
    endTimeCode = 100
    metersPerUnit = 0.01
    startTimeCode = 0
    subLayers = [
        @./Rig_Retarget.usda@,
        @./Rig_Retarget_geometry.usd@
    ]
    timeCodesPerSecond = 25
    upAxis = "Y"
)

over "root"
{
    over "character"
    {
        over "OUTPUT"
        {
            over "geo"
            {
                token visibility = "invisible"
            }

            over "root_JNT"
            {
                over "root_JNT" (
                    prepend apiSchemas = ["ControlRigAPI", "SkelBindingAPI"]
                )
                {
                    uniform token controlRig:forwardAxis = "Z"
                    uniform token[] controlRig:retargetTags = ["", "", "", "Waist", "", "", "", "Chest", "Left_Clavicle", "Left_Shoulder", "", "Left_Elbow", "", "Left_Hand", "", "", "", "", "Left_Index", "", "", "", "Left_Middle", "", "", "", "Left_Pinky", "", "", "", "Left_Ring", "", "", "Left_Thumb", "Right_Clavicle", "Right_Shoulder", "", "Right_Elbow", "", "Right_Hand", "", "", "", "", "Right_Index", "", "", "", "Right_Middle", "", "", "", "Right_Pinky", "", "", "", "Right_Ring", "", "", "Right_Thumb", "", "", "", "", "Head", "", "", "", "", "", "", "", "", "", "", "Head2", "", "", "", "", "", "", "", "", "", "", "", "", "", "", "", "", "", "", "", "", "", "", "", "Left_eye", "Right_eye", "", "", "", "", "", "", "", "", "", "Left_Thigh", "", "Left_Knee", "Left_Foot", "Left_Toe", "", "", "Right_Thigh", "", "Right_Knee", "Right_Foot", "Right_Toe", "", ""]
                    uniform matrix4d[] controlRig:retargetTransforms = [( (1, 0, 0, 0), (0, 1, 0, 0), (0, 0, 1, 0), (0, 0, 0, 1) ), ( (1, 0, 0, 0), (0, 1, 0, 0), (0, 0, 1, 0), (0, 89.67141723632812, -4.077483654022217, 1) ), ( (0, -0.00785784237086773, -0.9999691843986511, 0), (0, 0.9999691247940063, -0.00785784237086773, 0), (1, 0, 0, 0), (0, 0.00000762939453125, 0, 1) ), ( (0.999077320098877, -0.0429471917450428, -2.4735927195429497e-10, 0), (0.0429471917450428, 0.999077320098877, 1.877282329587615e-9, 0), (1.6650705814136302e-10, -1.886173439658023e-9, 1, 0), (0.0000011920928955078125, 6.5693511962890625, 5.684341886080802e-14, 1) ), ( (0.998516321182251, -0.054453734308481216, -4.917614648825008e-10, 0), (0.054453734308481216, 0.998516321182251, 2.391521869427038e-9, 0), (3.608045529013282e-10, -2.414751731905085e-9, 1, 0), (-2.980232238769531e-7, 6.568603515625, 3.552713678800501e-15, 1) ), ( (0.9999433755874634, -0.010639237239956856, -8.953891517116119e-10, 0), (0.010639237239956856, 0.9999433755874634, 4.717974899648425e-10, 0), (8.903188741804513e-10, -4.812970022527452e-10, 1, 0), (-9.5367431640625e-7, 6.5692291259765625, -5.684341886080802e-14, 1) ), ( (0.998611569404602, 0.052678048610687256, 1.007889216531055e-9, 0), (-0.052678048610687256, 0.998611569404602, -2.38304509458942e-9, 0), (-1.1320239190482084e-9, 2.326642656313993e-9, 1, 0), (4.76837158203125e-7, 6.569358825683594, 5.684341886080802e-14, 1) ), ( (0, 0, 1, 0), (-0.06319381296634674, 0.9980012774467468, 0, 0), (-0.9980012774467468, -0.06319381296634674, 0, 0), (-0.0000022649765014648438, 6.566795349121094, -8.526512829121202e-14, 1) ), ( (1, 0, 0, 0), (0, 1, 0, 0), (0, 0, 1, 0), (2.736057996749878, 19.06085205078125, 1.5842347145080566, 1) ), ( (0.0000029802322387695312, 0.9761667251586914, -0.2170218825340271, 0), (1, -0.0000029802322387695312, -7.450580596923828e-9, 0), (-6.631016731262207e-7, -0.2170218825340271, -0.9761667251586914, 0), (14.89301872253418, -3.77716064453125, -1.0660171508789062, 1) ), ( (1, -0.000005304762908053817, 1.266612912331766e-7, 0), (0.000005304762908053817, 1, 0, 0), (-1.266612912331766e-7, 6.719081129154258e-13, 1, 0), (0.00003910064697265625, 13.533041954040527, -0.000008940696716308594, 1) ), ( (0.967296838760376, 0.000004604555670084665, 0.25364699959754944, 0), (-0.00000476023024020833, 1, 0, 0), (-0.25364699959754944, -0.0000012074181086063618, 0.967296838760376, 0), (-0.00003147125244140625, 13.533035278320312, 0.000004291534423828125, 1) ), ( (1, -4.772113015860668e-7, -1.3421563949123083e-7, 0), (4.772113015860668e-7, 1, 0, 0), (1.3421563949123083e-7, -6.404922301079044e-14, 1, 0), (0.00002956390380859375, 13.175286293029785, -0.00002956390380859375, 1) ), ( (0.08667832612991333, 0.9907374382019043, -0.10452847927808762, 0), (0.944622278213501, -0.11506819725036621, -0.3073241710662842, 0), (-0.31650546193122864, -0.07210157066583633, -0.9458465576171875, 0), (0.0000152587890625, 13.175422668457031, -0.0000152587890625, 1) ), ( (1, -5.508255255994715e-18, -5.22061824881348e-8, 0), (-1.7174755134784572e-14, 1, -3.2908482694438135e-7, 0), (5.22061824881348e-8, 3.2908482694438135e-7, 1, 0), (10.053703308105469, 0.0437469482421875, -0.000003814697265625, 1) ), ( (0.9978877305984497, 0.05695516988635063, 0.03124331682920456, 0), (-0.06371364742517471, 0.9519127011299133, 0.2996711730957031, 0), (-0.012673086486756802, -0.301028847694397, 0.9535308480262756, 0), (1.3280105590820312, -0.147247314453125, 1.2992477416992188, 1) ), ( (0.9748037457466125, -0.20720097422599792, -0.08261596411466599, 0), (0.1922105848789215, 0.96817946434021, -0.16026100516319275, 0), (0.11319331079721451, 0.14034336805343628, 0.9836112260818481, 0), (8.410934448242188, -0.30785369873046875, 0.17578887939453125, 1) ), ( (0.9781244993209839, -0.20790676772594452, 0.006870049983263016, 0), (0.20791466534137726, 0.9781468510627747, -0.0004459633491933346, 0), (-0.006627199240028858, 0.001864591846242547, 0.9999762773513794, 0), (4.273170471191406, 0.000030517578125, 0.029428482055664062, 1) ), ( (0.999967098236084, 0.008110923692584038, 0.000001941969912877539, 0), (-0.008110923692584038, 0.999967098236084, 9.011131396619021e-7, 0), (-0.000001934597094077617, -9.168346650767489e-7, 1, 0), (2.7327423095703125, 0, 0.000003814697265625, 1) ), ( (0.9956274628639221, 0.07949937134981155, 0.04904953017830849, 0), (-0.08523962646722794, 0.9879871606826782, 0.12890136241912842, 0), (-0.03821272775530815, -0.1325187087059021, 0.9904436469078064, 0), (1.3164596557617188, 0.2552032470703125, 0.16648292541503906, 1) ), ( (0.9754512310028076, -0.20733855664730072, -0.07420026510953903, 0), (0.21020324528217316, 0.9770987033843994, 0.033055976033210754, 0), (0.06564720720052719, -0.0478416308760643, 0.996695339679718, 0), (9.100929260253906, -0.9293212890625, -1.1181049346923828, 1) ), ( (0.9994407296180725, 0.033439043909311295, -0.0000012187030051791226, 0), (-0.033439043909311295, 0.9994407296180725, -0.000002021700311161112, 0), (0.0000011504176882226602, 0.0000020613219930964988, 1, 0), (4.0667877197265625, 0.0000762939453125, -0.000011444091796875, 1) ), ( (0.9938334226608276, 0.1108834519982338, 3.3282404388046416e-7, 0), (-0.1108834519982338, 0.9938334226608276, 0.0000010127782843483146, 0), (-2.1847129971774848e-7, -0.0000010434375781187555, 1, 0), (2.9336929321289062, 0.000030517578125, -0.0000057220458984375, 1) ), ( (0.974734365940094, 0.19652095437049866, -0.10617168992757797, 0), (-0.1945708990097046, 0.9804735779762268, 0.028526030480861664, 0), (0.10970450192689896, -0.007147382013499737, 0.9939385652542114, 0), (1.4938201904296875, 0.561309814453125, -2.6153030395507812, 1) ), ( (0.953855037689209, -0.2839463949203491, 0.09764711558818817, 0), (0.2941014766693115, 0.9490505456924438, -0.11316949874162674, 0), (-0.06053797900676727, 0.1366654634475708, 0.9887657761573792, 0), (7.556861877441406, -2.109527587890625, -0.2837333679199219, 1) ), ( (0.994356632232666, 0.07528708130121231, -0.0747445747256279, 0), (-0.07549817115068436, 0.99714595079422, 0.000001341337338089943, 0), (0.07453135401010513, 0.00564174447208643, 0.9972026944160461, 0), (2.7329254150390625, -0.0028228759765625, -7.152557373046875e-7, 1) ), ( (0.9999231696128845, -0.012393543496727943, 0.0000014493583648800268, 0), (0.012393543496727943, 0.9999231696128845, -9.223871870744915e-7, 0), (-0.0000014378155128724757, 9.40278994221444e-7, 1, 0), (2.056182861328125, 0.000030517578125, 0.0000019073486328125, 1) ), ( (0.9858246445655823, 0.11708707362413406, -0.12016812711954117, 0), (-0.1087135300040245, 0.9913119077682495, 0.0740407258272171, 0), (0.1277933120727539, -0.05992726981639862, 0.9899886846542358, 0), (1.6589584350585938, 0.4744110107421875, -0.5834512710571289, 1) ), ( (0.9769132137298584, -0.2076493203639984, 0.05022231489419937, 0), (0.21193060278892517, 0.9716018438339233, -0.1052393913269043, 0), (-0.026943201199173927, 0.11345340311527252, 0.9931779503822327, 0), (8.389739990234375, -1.8315048217773438, -0.4277820587158203, 1) ), ( (0.9963662624359131, -0.08517211675643921, -4.921731715512578e-7, 0), (0.08517211675643921, 0.9963662624359131, -0.0000016892230405574082, 0), (6.342594360830844e-7, 0.0000016411653405157267, 1, 0), (3.3170318603515625, 0.0000152587890625, -0.000003904104232788086, 1) ), ( (0.9967101216316223, 0.08104926347732544, -2.7206689878767065e-7, 0), (-0.08104926347732544, 0.9967101216316223, 6.211602681105433e-7, 0), (3.2151640994015906e-7, -5.970659344711748e-7, 1, 0), (3.1172027587890625, 0.0000152587890625, 0.000003919005393981934, 1) ), ( (0.7531896233558655, -0.41402214765548706, 0.5111663341522217, 0), (-0.5535221099853516, 0.02095317840576172, 0.8325708508491516, 0), (-0.3554133176803589, -0.9100256562232971, -0.21338868141174316, 0), (3.196746826171875, -1.7054290771484375, 2.2632341384887695, 1) ), ( (0.97527676820755, -0.22098687291145325, -0.0000018838741198123898, 0), (0.22098687291145325, 0.97527676820755, -0.000002446141252221423, 0), (0.0000023778638933436014, 0.000001969353206732194, 1, 0), (3.4269657135009766, -0.00000762939453125, -0.0000152587890625, 1) ), ( (0.9988698959350586, -0.047506142407655716, 0.0014477495569735765, 0), (0.04752819612622261, 0.9984086751937866, -0.03035147860646248, 0), (-0.0000035641714930534363, 0.03038598597049713, 0.999538242816925, 0), (3.5907554626464844, -0.0000152587890625, 0.000030517578125, 1) ), ( (-1, 1.2246468525851679e-16, 1.5099580252808664e-7, 0), (1.2246465878873718e-16, 1, -1.2246468525851679e-16, 0), (-1.5099580252808664e-7, -1.2246465878873718e-16, -1, 0), (-2.736058473587036, 19.06085205078125, 1.5842347145080566, 1) ), ( (-0.000029921531677246094, 0.9761737585067749, 0.2169903665781021, 0), (1, 0.00003069639205932617, 0, 0), (-0.000006660819053649902, 0.2169903665781021, -0.9761737585067749, 0), (14.893016815185547, -3.77716064453125, 1.0660192966461182, 1) ), ( (1, -0.000004962998900737148, -9.685955859595197e-8, 0), (0.000004962998900737148, 1, 0, 0), (9.685955859595197e-8, -4.807138844972747e-13, 1, 0), (0.000036597251892089844, 13.533034324645996, 0.000007867813110351562, 1) ), ( (0.9672841429710388, 0.00009820870764087886, -0.25369539856910706, 0), (-0.00010153035691473633, 1, 9.094947017729282e-13, 0), (0.25369539856910706, 0.000025757781259017065, 0.9672841429710388, 0), (-0.000029087066650390625, 13.53303337097168, -0.00000476837158203125, 1) ), ( (1, 0.000003483132331894012, -7.003449695730524e-7, 0), (-0.000003483132331894012, 1, 0, 0), (7.003449695730524e-7, 2.4393941727707258e-12, 1, 0), (0.0000247955322265625, 13.175293922424316, 0.000030517578125, 1) ), ( (0.08667832612991333, 0.9907374382019043, 0.10452847927808762, 0), (0.944622278213501, -0.11506819725036621, 0.3073241710662842, 0), (0.31650546193122864, 0.07210157066583633, -0.9458465576171875, 0), (-0.0000152587890625, 13.383201599121094, 0, 1) ), ( (1, 1.7645581351644068e-7, -7.08912679669993e-8, 0), (-1.7645578509473125e-7, 1, 3.84305479883551e-7, 0), (7.089133902127287e-8, -3.84305479883551e-7, 1, 0), (10.053703308105469, 0.04376220703125, 0.0000057220458984375, 1) ), ( (0.9978877902030945, 0.05695512145757675, -0.03124263510107994, 0), (-0.06371340155601501, 0.9519127011299133, -0.2996712028980255, 0), (0.01267245039343834, 0.3010288178920746, 0.9535308480262756, 0), (1.3280258178710938, -0.1472930908203125, -1.2992496490478516, 1) ), ( (0.9748038053512573, -0.20720095932483673, 0.08261554688215256, 0), (0.1922105997800827, 0.9681794047355652, 0.16026131808757782, 0), (-0.11319296807050705, -0.1403437703847885, 0.9836111664772034, 0), (8.41094970703125, -0.30779266357421875, -0.1757659912109375, 1) ), ( (0.9781244993209839, -0.20790676772594452, -0.006870126351714134, 0), (0.20791466534137726, 0.9781468510627747, 0.00044636044185608625, 0), (0.006627190858125687, -0.001864996156655252, 0.9999762773513794, 0), (4.2731781005859375, 0.0000152587890625, -0.029428482055664062, 1) ), ( (0.999967098236084, 0.008111901581287384, -0.000002194830813095905, 0), (-0.008111901581287384, 0.999967098236084, -0.0000013545718502427917, 0), (0.0000021837704480276443, 0.0000013723315532843117, 1, 0), (2.7327194213867188, -0.000030517578125, -0.0000019073486328125, 1) ), ( (0.9956274628639221, 0.07949914783239365, -0.04904879629611969, 0), (-0.08523929864168167, 0.987987220287323, -0.12890127301216125, 0), (0.03821204602718353, 0.13251852989196777, 0.9904437065124512, 0), (1.3164749145507812, 0.2552032470703125, -0.16647720336914062, 1) ), ( (0.9754512310028076, -0.20733857154846191, 0.07420003414154053, 0), (0.21020320057868958, 0.9770987629890442, -0.033055584877729416, 0), (-0.06564706563949585, 0.04784119501709938, 0.9966953992843628, 0), (9.100944519042969, -0.9292984008789062, 1.1181144714355469, 1) ), ( (0.9994406700134277, 0.03344203159213066, 7.584308718833199e-7, 0), (-0.03344203159213066, 0.9994406700134277, 0.0000017535850247440976, 0), (-6.993631700424885e-7, -0.000001777967668203928, 1, 0), (4.066749572753906, 0.0000152587890625, 0.000003814697265625, 1) ), ( (0.9938335418701172, 0.11088254302740097, -4.594639904098585e-7, 0), (-0.11088254302740097, 0.9938335418701172, -0.0000012226831813677563, 0), (3.210565182598657e-7, 0.0000012660899528782465, 1, 0), (2.9337081909179688, 0.0000457763671875, 0.0000057220458984375, 1) ), ( (0.9747341275215149, 0.19652172923088074, 0.10617226362228394, 0), (-0.19457167387008667, 0.9804733991622925, -0.028525948524475098, 0), (-0.10970504581928253, 0.007147099822759628, 0.9939385056495667, 0), (1.4938278198242188, 0.5612945556640625, 2.6153030395507812, 1) ), ( (0.9538549780845642, -0.2839467525482178, -0.09764710813760757, 0), (0.2941017746925354, 0.9490505456924438, 0.11316913366317749, 0), (0.06053803116083145, -0.13666512072086334, 0.9887657761573792, 0), (7.556846618652344, -2.1095199584960938, 0.2837343215942383, 1) ), ( (0.994356632232666, 0.07528766989707947, 0.07474394887685776, 0), (-0.0754988044500351, 0.9971458911895752, -7.522758096456528e-7, 0), (-0.07453068345785141, -0.005642330273985863, 0.9972027540206909, 0), (2.732879638671875, -0.0028076171875, 0.0000021457672119140625, 1) ), ( (0.9999231696128845, -0.01239524595439434, -0.0000016187301525860676, 0), (0.01239524595439434, 0.9999231696128845, 6.083769790166116e-7, 0), (0.0000016110647038658499, -6.28394843715796e-7, 1, 0), (2.0561752319335938, -0.0000152587890625, -0.0000019073486328125, 1) ), ( (0.985824704170227, 0.11708618700504303, 0.12016869336366653, 0), (-0.10871262848377228, 0.9913120269775391, -0.07404057681560516, 0), (-0.1277938038110733, 0.05992717668414116, 0.9899886250495911, 0), (1.658966064453125, 0.47442626953125, 0.5834503173828125, 1) ), ( (0.9769132137298584, -0.2076493352651596, -0.05022227019071579, 0), (0.21193064749240875, 0.9716017842292786, 0.10523975640535355, 0), (0.026943080127239227, -0.11345375329256058, 0.9931778907775879, 0), (8.389724731445312, -1.8314590454101562, 0.4277820587158203, 1) ), ( (0.9963660836219788, -0.08517404645681381, 2.292721177354906e-7, 0), (0.08517404645681381, 0.9963660836219788, 0.0000016481641296195448, 0), (-3.6881976939184824e-7, -0.0000016226468915192527, 1, 0), (3.3170318603515625, -0.00003814697265625, 0.000005058944225311279, 1) ), ( (0.9967101216316223, 0.08104898780584335, -3.95801933450457e-8, 0), (-0.08104898780584335, 0.9967101216316223, -8.603719834354706e-7, 0), (-3.028229400570126e-8, 8.607494237367064e-7, 1, 0), (3.117156982421875, 0.0000457763671875, -0.000004984438419342041, 1) ), ( (0.7531895637512207, -0.4140222668647766, -0.5111663341522217, 0), (-0.5535224676132202, 0.020952284336090088, -0.8325706720352173, 0), (0.35541290044784546, 0.9100255966186523, -0.21338963508605957, 0), (3.196746826171875, -1.7054595947265625, -2.263248920440674, 1) ), ( (0.9752762913703918, -0.2209891378879547, 0.000001394670675836096, 0), (0.2209891378879547, 0.9752762913703918, 0.000002338008016522508, 0), (-0.0000018768636209642864, -0.0000019719968804565724, 1, 0), (3.426957130432129, 0, 0.0000152587890625, 1) ), ( (0.9988700151443481, -0.047503285109996796, -0.0014481988037005067, 0), (0.047525353729724884, 0.9984087347984314, 0.030354155227541924, 0), (0.000003972207196056843, -0.03038868121802807, 0.9995381832122803, 0), (3.590740203857422, -0.0000152587890625, -0.000030517578125, 1) ), ( (-2.384185791015625e-7, 0.33278679847717285, -0.9430020451545715, 0), (4.470348358154297e-8, 0.9430021047592163, 0.33278679847717285, 0), (0.9999999403953552, 4.470348358154297e-8, -2.384185791015625e-7, 0), (-5.546866077565937e-9, 21.706390380859375, 1.7878150939941406, 1) ), ( (1, -5.9537324403891034e-8, 5.375112022143469e-10, 0), (5.9537324403891034e-8, 1, -2.780549346326211e-9, 0), (-5.375110911920444e-10, 2.780549346326211e-9, 1, 0), (-0.000003814697265625, 4.28662109375, -2.2737367544323206e-13, 1) ), ( (1, -2.9662995615353793e-8, -2.878395966021685e-9, 0), (2.9662995615353793e-8, 1, 3.9932208921957435e-16, 0), (2.878395966021685e-9, -4.847039632148735e-16, 1, 0), (-0.00000762939453125, 4.286590576171875, -4.547473508864641e-13, 1) ), ( (1, -1.1917422426677149e-7, 2.891054728948461e-9, 0), (1.1917422426677149e-7, 1, 5.9576049639637006e-15, 0), (-2.891054728948461e-9, -5.613065842338541e-15, 1, 0), (-0.000011444091796875, 4.2866058349609375, -4.547473508864641e-13, 1) ), ( (0, 0, 1, 0), (0.3327866196632385, 0.9430021643638611, 0, 0), (-0.9430021643638611, 0.3327866196632385, 0, 0), (2.8300399780273438, 3.465911865234375, 1.221189904754283e-7, 1) ), ( (1, 0, 0, 0), (0, 1, 0, 0), (0, 0, 1, 0), (1.2987723350524902, 6.40155029296875, 10.353938102722168, 1) ), ( (-1, -1.2246467202362698e-16, -1.5099581673894136e-7, 0), (-1.2246469849340659e-16, 1, 1.2246467202362698e-16, 0), (1.5099581673894136e-7, 1.2246469849340659e-16, -1, 0), (-1.2987723350524902, 6.40155029296875, 10.353938102722168, 1) ), ( (1, 0, 0, 0), (0, 1, 0, 0), (0, 0, 1, 0), (3.5669901371002197, 6.821807861328125, 10.23773193359375, 1) ), ( (-1, -1.2246467202362698e-16, -1.5099581673894136e-7, 0), (-1.2246469849340659e-16, 1, 1.2246467202362698e-16, 0), (1.5099581673894136e-7, 1.2246469849340659e-16, -1, 0), (-3.5669901371002197, 6.821807861328125, 10.23773193359375, 1) ), ( (1, 0, 0, 0), (0, 1, 0, 0), (0, 0, 1, 0), (5.945981025695801, 5.1753692626953125, 8.009318351745605, 1) ), ( (-1, -1.2246467202362698e-16, -1.5099581673894136e-7, 0), (-1.2246469849340659e-16, 1, 1.2246467202362698e-16, 0), (1.5099581673894136e-7, 1.2246469849340659e-16, -1, 0), (-5.945981025695801, 5.1753692626953125, 8.009318351745605, 1) ), ( (1, 0, 0, 0), (0, 1, 0, 0), (0, 0, 1, 0), (5.3891801834106445, 0.915283203125, 8.135218620300293, 1) ), ( (-1, -1.2246467202362698e-16, -1.5099581673894136e-7, 0), (-1.2246469849340659e-16, 1, 1.2246467202362698e-16, 0), (1.5099581673894136e-7, 1.2246469849340659e-16, -1, 0), (-5.3891801834106445, 0.915283203125, 8.135218620300293, 1) ), ( (1, 0, 0, 0), (0, 1, 0, 0), (0, 0, 1, 0), (4.500105857849121, 4.22393798828125, 8.474557876586914, 1) ), ( (-1, -1.2246467202362698e-16, -1.5099581673894136e-7, 0), (-1.2246469849340659e-16, 1, 1.2246467202362698e-16, 0), (1.5099581673894136e-7, 1.2246469849340659e-16, -1, 0), (-4.500105857849121, 4.22393798828125, 8.474557876586914, 1) ), ( (1, 0, 0, 0), (0, 1, 0, 0), (0, 0, 1, 0), (7.658786671527196e-8, 14.765609741210938, -1.1920928955078125e-7, 1) ), ( (1, -1.4360067801533205e-8, -5.604032793371516e-10, 0), (1.2441124574991136e-8, 0.8455331325531006, 0.5339230298995972, 0), (-7.193331263977143e-9, -0.5339230298995972, 0.8455331325531006, 0), (-1.0900225788645912e-7, 1.8683319091796875, -0.6866018772125244, 1) ), ( (1, 1.2590804624267293e-16, -5.23422739206374e-15, 0), (-1.259060874789824e-16, 1, 3.722309145359759e-7, 0), (5.23422739206374e-15, -3.722309145359759e-7, 1, 0), (-8.029132914089132e-13, -0.000030517578125, 13.90008544921875, 1) ), ( (1, 1.3583253276230455e-16, -5.2365465682733224e-15, 0), (-2.9107637134607013e-15, 0.8455331325531006, -0.5339230298995972, 0), (4.355149494348915e-15, 0.5339230298995972, 0.8455331325531006, 0), (-1.0658141036401503e-12, 1.6356353759765625, 13.277389526367188, 1) ), ( (1, 0, 0, 0), (0, 1, 0, 0), (0, 0, 1, 0), (3.271113634109497, 3.72003173828125, 9.106188774108887, 1) ), ( (-1, -1.2246467202362698e-16, -1.5099581673894136e-7, 0), (-1.2246469849340659e-16, 1, 1.2246467202362698e-16, 0), (1.5099581673894136e-7, 1.2246469849340659e-16, -1, 0), (-3.271113634109497, 3.72003173828125, 9.106188774108887, 1) ), ( (1, 0, 0, 0), (0, 1, 0, 0), (0, 0, 1, 0), (-0.16955822706222534, -3.230865478515625, 10.512487411499023, 1) ), ( (1, 0, 0, 0), (0, 1, 0, 0), (0, 0, 1, 0), (0.6808638572692871, -3.0657806396484375, 10.5860595703125, 1) ), ( (1, 0, 0, 0), (0, 1, 0, 0), (0, 0, 1, 0), (1.5193760395050049, -3.011932373046875, 10.259675025939941, 1) ), ( (-1, 1.2246468525851679e-16, -1.5099581673894136e-7, 0), (1.2246465878873718e-16, 1, 1.2246468525851679e-16, 0), (1.5099581673894136e-7, 1.2246465878873718e-16, -1, 0), (-0.6808642148971558, -3.0657806396484375, 10.5860595703125, 1) ), ( (-1, -1.2246467202362698e-16, -1.5099581673894136e-7, 0), (-1.2246469849340659e-16, 1, 1.2246467202362698e-16, 0), (1.5099581673894136e-7, 1.2246469849340659e-16, -1, 0), (-1.519376277923584, -3.011932373046875, 10.259675025939941, 1) ), ( (1, -4.2143405210026685e-8, -5.386789903027989e-10, 0), (4.2143405210026685e-8, 1, -1.13508395447905e-17, 0), (5.386789903027989e-10, -1.1350927225935431e-17, 1, 0), (2.344458818435669, -2.6834869384765625, 9.786026000976562, 1) ), ( (-1, 1.1102230246251565e-16, -1.5069160497205303e-7, 0), (-1.9995782807313844e-9, 0.9999119639396667, 0.013269344344735146, 0), (1.5067833203374903e-7, 0.013269344344735146, -0.9999120235443115, 0), (-2.344459295272827, -2.6834869384765625, 9.786026000976562, 1) ), ( (1, 0, 0, 0), (0, 1, 0, 0), (0, 0, 1, 0), (3.0970513820648193, 4.7318878173828125, 9.369397163391113, 1) ), ( (-1, -2.220446049250313e-16, -1.5098251537892793e-7, 0), (-2.0033987802037245e-9, 0.9999119639396667, 0.013269077986478806, 0), (1.509692140189145e-7, 0.013269077986478806, -0.9999120235443115, 0), (-3.0970513820648193, 4.7318878173828125, 9.369397163391113, 1) ), ( (1, 0, 0, 0), (0, 1, 0, 0), (0, 0, 1, 0), (-0.16955821216106415, -1.918426513671875, 10.73220443725586, 1) ), ( (1, 0, 0, 0), (0, 1, 0, 0), (0, 0, 1, 0), (1.0717989206314087, -2.0452117919921875, 10.839314460754395, 1) ), ( (1, 0, 0, 0), (0, 1, 0, 0), (0, 0, 1, 0), (1.4998998641967773, -2.25604248046875, 10.492691040039062, 1) ), ( (-1, -1.2246467202362698e-16, -1.5099581673894136e-7, 0), (-1.2246469849340659e-16, 1, 1.2246467202362698e-16, 0), (1.5099581673894136e-7, 1.2246469849340659e-16, -1, 0), (-1.0717991590499878, -2.0452117919921875, 10.839314460754395, 1) ), ( (-1, -1.2246467202362698e-16, -1.5099581673894136e-7, 0), (-1.2246469849340659e-16, 1, 1.2246467202362698e-16, 0), (1.5099581673894136e-7, 1.2246469849340659e-16, -1, 0), (-1.4999001026153564, -2.25604248046875, 10.492691040039062, 1) ), ( (1, -1.0427536611956612e-9, -4.01722122234105e-9, 0), (-6.661338147750939e-15, 0.9679231643676758, -0.25124630331993103, 0), (4.150349397491482e-9, 0.25124630331993103, 0.9679231643676758, 0), (1.2987723350524902, 6.40155029296875, 10.353938102722168, 1) ), ( (1, -7.42391204067161e-10, -3.4721032715623323e-9, 0), (-3.83026943495679e-15, 0.9778962135314941, -0.2090909332036972, 0), (3.550584048994665e-9, 0.2090909332036972, 0.9778962135314941, 0), (5.945981025695801, 5.1753692626953125, 8.009318351745605, 1) ), ( (-1, 0, -1.4615230270464963e-7, 0), (3.672021620104715e-8, 0.9679232239723206, -0.25124621391296387, 0), (1.4146419857752335e-7, -0.25124621391296387, -0.9679231643676758, 0), (-1.2987723350524902, 6.40155029296875, 10.353938102722168, 1) ), ( (-0.9999998807907104, 0, -1.4765825540052901e-7, 0), (3.0874023337901235e-8, 0.9778961539268494, -0.20909106731414795, 0), (1.4439444839808857e-7, -0.20909106731414795, -0.9778960943222046, 0), (-5.945981025695801, 5.1753692626953125, 8.009318351745605, 1) ), ( (1, -4.344836990188838e-12, -6.556520881773054e-10, 0), (-5.32321582646933e-15, 0.9999780058860779, -0.006634715013206005, 0), (6.556665210766255e-10, 0.006634715013206005, 0.9999780058860779, 0), (3.1111748218536377, 4.4663848876953125, 7.773601531982422, 1) ), ( (1, -4.344836990188838e-12, -6.556520881773054e-10, 0), (-5.32321582646933e-15, 0.9999780058860779, -0.006634715013206005, 0), (6.556665210766255e-10, 0.006634715013206005, 0.9999780058860779, 0), (-3.1111748218536377, 4.4663848876953125, 7.773601531982422, 1) ), ( (1, -1.7560751741640956e-9, -4.993185420687496e-9, 0), (-6.8833827526759706e-15, 0.9433584809303284, -0.3317752480506897, 0), (5.292985605365175e-9, 0.3317752480506897, 0.9433584809303284, 0), (3.1111748218536377, 4.4663848876953125, 7.773601531982422, 1) ), ( (-1, -1.7763568394002505e-15, -1.4244311330458004e-7, 0), (4.725909263925132e-8, 0.9433584809303284, -0.3317751884460449, 0), (1.3437492896173353e-7, -0.3317751884460449, -0.9433585405349731, 0), (-3.1111748218536377, 4.4663848876953125, 7.773601531982422, 1) ), ( (1, -4.2143405210026685e-8, -5.386789903027989e-10, 0), (4.2143405210026685e-8, 1, -1.13508395447905e-17, 0), (5.386789903027989e-10, -1.1350927225935431e-17, 1, 0), (2.344458818435669, -2.6834869384765625, 9.786026000976562, 1) ), ( (-1, 1.2246468525851679e-16, -1.5099578831723193e-7, 0), (1.2246465878873718e-16, 1, 1.2246468525851679e-16, 0), (1.5099578831723193e-7, 1.2246465878873718e-16, -1, 0), (-2.344459295272827, -2.6834869384765625, 9.786026000976562, 1) ), ( (1, 0, 0, 0), (0, 1, 0, 0), (0, 0, 1, 0), (-1.475502813264029e-7, -1.29705810546875, 11.640769004821777, 1) ), ( (1, 0, 0, 0), (0, 1, 0, 0), (0, 0, 1, 0), (-0.11765845119953156, 6.72271728515625, 10.902438163757324, 1) ), ( (1, 0, 0, 0), (0, 1, 0, 0), (0, 0, 1, 0), (0.0380404032766819, 3.21923828125, 11.226540565490723, 1) ), ( (1, -4.2143405210026685e-8, -5.386789903027989e-10, 0), (4.2143405210026685e-8, 1, -3.803027717172569e-17, 0), (5.386789903027989e-10, 1.5328512055360983e-17, 1, 0), (2.539020538330078, 0.6401214599609375, 10.650065422058105, 1) ), ( (-1, 1.2246468525851679e-16, 1.5099580252808664e-7, 0), (1.2246465878873718e-16, 1, -1.2246468525851679e-16, 0), (-1.5099580252808664e-7, -1.2246465878873718e-16, -1, 0), (-2.5390210151672363, 0.6401214599609375, 10.650065422058105, 1) ), ( (-0.9982649087905884, -0.000004519518824963598, 0.0588819682598114, 0), (0.000004838341283175396, -1, 0.000005272033376968466, 0), (0.0588819682598114, 0.000005547777618630789, 0.9982649683952332, 0), (7.988015174865723, -0.112091064453125, 0.0646200180053711, 1) ), ( (0.999965488910675, 0.008105568587779999, -0.0018109685042873025, 0), (-0.008147155866026878, 0.9996720552444458, -0.02427705191075802, 0), (0.001613595406524837, 0.024290969595313072, 0.9997036457061768, 0), (0.00000786389773566043, 19.270179748535156, -0.000006222595402505249, 1) ), ( (0.008113861083984375, 0.9996722340583801, 0.024283021688461304, 0), (-0.021023333072662354, -0.024107933044433594, 0.999488353729248, 0), (0.9997460842132568, -0.008620291948318481, 0.0208207368850708, 0), (0.15622881054878235, 19.26702117919922, 0.4681623876094818, 1) ), ( (-0.20334899425506592, 0.9729623794555664, -0.1095142737030983, 0), (-0.9718843698501587, -0.21414268016815186, -0.09789633005857468, 0), (-0.11870112270116806, 0.08652808517217636, 0.9891526103019714, 0), (46.45795440673828, -0.000087738037109375, -0.00002288818359375, 1) ), ( (1, 0.000008786673788563348, 0.0000025853587430901825, 0), (-0.000008786675607552752, 1, 4.1995116362159024e-7, 0), (-0.0000025853551051113755, -4.1997390098913456e-7, 1, 0), (12.956562042236328, -7.371649742126465, 0.00006103515625, 1) ), ( (1, 3.5119643371217535e-7, -1.4920276569796442e-8, 0), (-3.5119643371217535e-7, 1, 6.584936329545599e-8, 0), (1.4920301438792194e-8, -6.584936329545599e-8, 1, 0), (7.380505561828613, 0.000002384185791015625, 0.0000324249267578125, 1) ), ( (1, -3.9907087057144963e-7, 0.0000018998955511051463, 0), (3.990716663793137e-7, 1, -4.0605570461593743e-7, 0), (-0.0000018998953237314709, 4.060564435803826e-7, 1, 0), (0.00000762939453125, 19.27016830444336, -0.000003814697265625, 1) ), ( (0.9982649683952332, 7.315536549867829e-7, 0.05888143926858902, 0), (4.1920361582015175e-7, -0.9999998807907104, 0.000005317080649547279, 0), (0.05888143926858902, -0.000005283171958581079, -0.9982649087905884, 0), (-7.988015174865723, -0.112091064453125, 0.0646200180053711, 1) ), ( (0.999965488910675, 0.008105465210974216, 0.0018110449891537428, 0), (-0.008147054351866245, 0.9996720552444458, 0.0242769718170166, 0), (-0.0016136749181896448, -0.024290889501571655, 0.9997036457061768, 0), (0.00000767446545069106, 19.270172119140625, 0.000005950204922555713, 1) ), ( (0.008104205131530762, 0.9996722936630249, -0.024283111095428467, 0), (-0.021023035049438477, -0.024108290672302246, -0.999488353729248, 0), (-0.9997461438179016, 0.008610635995864868, 0.0208207368850708, 0), (0.15622714161872864, 19.267026901245117, -0.4681612253189087, 1) ), ( (-0.20334970951080322, 0.9729622006416321, 0.10951470583677292, 0), (-0.9718841910362244, -0.21414339542388916, 0.09789632260799408, 0), (0.11870127171278, -0.08652842044830322, 0.9891526103019714, 0), (46.45794677734375, -0.00005340576171875, 0.0000247955322265625, 1) ), ( (1, 0.000008786650141701102, -0.000002995134991579107, 0), (-0.000008786651960690506, 1, -4.845582566304074e-7, 0), (0.000002995130898852949, 4.845845182899211e-7, 1, 0), (12.956562995910645, -7.371661186218262, -0.0000629425048828125, 1) ), ( (1, 1.7433286814139137e-7, 1.481268174785555e-8, 0), (-1.7433286814139137e-7, 1, 2.1791771942503146e-8, 0), (-1.481267819514187e-8, -2.1791775495216825e-8, 1, 0), (7.380506992340088, -0.0000032186508178710938, -0.0000324249267578125, 1) ), ( (1, -3.965137693739962e-7, -0.000001903640509226534, 0), (3.965145083384414e-7, 1, 3.986092167451716e-7, 0), (0.0000019036402818528586, -3.9860995570961677e-7, 1, 0), (0.0000057220458984375, 19.270179748535156, 0.00000476837158203125, 1) )]
                    uniform token controlRig:upAxis = "Y"

                    float[] blendShapeWeights = [0, 0, 0, 0, 0, 0, 0, 0, 0, 0, 0, 0, 0, 0, 0, 0, 0, 0, 0, 0, 0, 0, 0, 0, 0, 0, 0, 0, 0, 0, 0, 0, 0, 0, 0, 0, 0, 0, 0, 0, 0, 0, 0, 0, 0, 0, 0, 0, 0, 0, 0, 0]
                    uniform token[] blendShapes = ["eyeBlinkLeft", "eyeLookDownLeft", "eyeLookInLeft", "eyeLookOutLeft", "eyeLookUpLeft", "eyeSquintLeft", "eyeWideLeft", "eyeBlinkRight", "eyeLookDownRight", "eyeLookInRight", "eyeLookOutRight", "eyeLookUpRight", "eyeSquintRight", "eyeWideRight", "jawForward", "jawLeft", "jawRight", "jawOpen", "mouthClose", "mouthFunnel", "mouthPucker", "mouthLeft", "mouthRight", "mouthSmileLeft", "mouthSmileRight", "mouthFrownLeft", "mouthFrownRight", "mouthDimpleLeft", "mouthDimpleRight", "mouthStretchLeft", "mouthStretchRight", "mouthRollLower", "mouthRollUpper", "mouthShrugLower", "mouthShrugUpper", "mouthPressLeft", "mouthPressRight", "mouthLowerDownLeft", "mouthLowerDownRight", "mouthUpperUpLeft", "mouthUpperUpRight", "browDownLeft", "browDownRight", "browInnerUp", "browOuterUpLeft", "browOuterUpRight", "cheekPuff", "cheekSquintLeft", "cheekSquintRight", "noseSneerLeft", "noseSneerRight", "tongueOut"]
                    
                    def SkelAnimation "Anim_Empty"(
                        prepend apiSchemas = ["AnimationSkelBindingAPI"]
                    )
                    {
                        rel animationSkelBinding:sourceSkeleton = </root/character/OUTPUT/root_JNT/root_JNT>

                        float[] blendShapeWeights = [0, 0, 0, 0, 0, 0, 0, 0, 0, 0, 0, 0, 0, 0, 0, 0, 0, 0, 0, 0, 0, 0, 0, 0, 0, 0, 0, 0, 0, 0, 0, 0, 0, 0, 0, 0, 0, 0, 0, 0, 0, 0, 0, 0, 0, 0, 0, 0, 0, 0, 0, 0]
                        uniform token[] blendShapes = ["eyeBlinkLeft", "eyeLookDownLeft", "eyeLookInLeft", "eyeLookOutLeft", "eyeLookUpLeft", "eyeSquintLeft", "eyeWideLeft", "eyeBlinkRight", "eyeLookDownRight", "eyeLookInRight", "eyeLookOutRight", "eyeLookUpRight", "eyeSquintRight", "eyeWideRight", "jawForward", "jawLeft", "jawRight", "jawOpen", "mouthClose", "mouthFunnel", "mouthPucker", "mouthLeft", "mouthRight", "mouthSmileLeft", "mouthSmileRight", "mouthFrownLeft", "mouthFrownRight", "mouthDimpleLeft", "mouthDimpleRight", "mouthStretchLeft", "mouthStretchRight", "mouthRollLower", "mouthRollUpper", "mouthShrugLower", "mouthShrugUpper", "mouthPressLeft", "mouthPressRight", "mouthLowerDownLeft", "mouthLowerDownRight", "mouthUpperUpLeft", "mouthUpperUpRight", "browDownLeft", "browDownRight", "browInnerUp", "browOuterUpLeft", "browOuterUpRight", "cheekPuff", "cheekSquintLeft", "cheekSquintRight", "noseSneerLeft", "noseSneerRight", "tongueOut"]
                        float[] blendShapeWeights.timeSamples = {
                            0: [0, 0, 0, 0, 0, 0, 0, 0, 0, 0, 0, 0, 0, 0, 0, 0, 0, 0, 0, 0, 0, 0, 0, 0, 0, 0, 0, 0, 0, 0, 0, 0, 0, 0, 0, 0, 0, 0, 0, 0, 0, 0, 0, 0, 0, 0, 0, 0, 0, 0, 0, 0],
                        }
