#usda 1.0
(
    customLayerData = {
        dictionary cameraSettings = {
            dictionary Front = {
                double3 position = (0, 0, 50000)
                double radius = 500
            }
            dictionary Perspective = {
                double3 position = (500, 500, 500)
                double3 target = (-0.0000039780385918675165, 0.00000795607684267452, -0.000003978038364493841)
            }
            dictionary Right = {
                double3 position = (-50000, 0, 0)
                double radius = 500
            }
            dictionary Top = {
                double3 position = (0, 50000, 0)
                double radius = 500
            }
            string boundCamera = "/OmniverseKit_Persp"
        }
        dictionary omni_layer = {
            dictionary locked = {
            }
            dictionary muteness = {
            }
        }
        dictionary renderSettings = {
            float3 "rtx:debugView:pixelDebug:textColor" = (0, 1e18, 0)
            float3 "rtx:fog:fogColor" = (0.75, 0.75, 0.75)
            float3 "rtx:index:regionOfInterestMax" = (0, 0, 0)
            float3 "rtx:index:regionOfInterestMin" = (0, 0, 0)
            float3 "rtx:iray:environment_dome_ground_position" = (0, 0, 0)
            float3 "rtx:iray:environment_dome_ground_reflectivity" = (0, 0, 0)
            float3 "rtx:iray:environment_dome_rotation_axis" = (3.4028235e38, 3.4028235e38, 3.4028235e38)
            float3 "rtx:post:backgroundZeroAlpha:backgroundDefaultColor" = (0, 0, 0)
            float3 "rtx:post:colorcorr:contrast" = (1, 1, 1)
            float3 "rtx:post:colorcorr:gain" = (1, 1, 1)
            float3 "rtx:post:colorcorr:gamma" = (1, 1, 1)
            float3 "rtx:post:colorcorr:offset" = (0, 0, 0)
            float3 "rtx:post:colorcorr:saturation" = (1, 1, 1)
            float3 "rtx:post:colorgrad:blackpoint" = (0, 0, 0)
            float3 "rtx:post:colorgrad:contrast" = (1, 1, 1)
            float3 "rtx:post:colorgrad:gain" = (1, 1, 1)
            float3 "rtx:post:colorgrad:gamma" = (1, 1, 1)
            float3 "rtx:post:colorgrad:lift" = (0, 0, 0)
            float3 "rtx:post:colorgrad:multiply" = (1, 1, 1)
            float3 "rtx:post:colorgrad:offset" = (0, 0, 0)
            float3 "rtx:post:colorgrad:whitepoint" = (1, 1, 1)
            float3 "rtx:post:lensDistortion:lensFocalLengthArray" = (10, 30, 50)
            float3 "rtx:post:lensFlares:anisoFlareFalloffX" = (450, 475, 500)
            float3 "rtx:post:lensFlares:anisoFlareFalloffY" = (10, 10, 10)
            float3 "rtx:post:lensFlares:cutoffPoint" = (2, 2, 2)
            float3 "rtx:post:lensFlares:haloFlareFalloff" = (10, 10, 10)
            float3 "rtx:post:lensFlares:haloFlareRadius" = (75, 75, 75)
            float3 "rtx:post:lensFlares:isotropicFlareFalloff" = (50, 50, 50)
            float3 "rtx:post:tonemap:whitepoint" = (1, 1, 1)
            float3 "rtx:raytracing:indexdirect:svoBrickSize" = (32, 32, 32)
            float3 "rtx:raytracing:inscattering:singleScatteringAlbedo" = (0.9, 0.9, 0.9)
            float3 "rtx:raytracing:inscattering:transmittanceColor" = (0.5, 0.5, 0.5)
            float3 "rtx:sceneDb:ambientLightColor" = (0.1, 0.1, 0.1)
        }
        string sourceDirPath = "G:/My Drive/BaseRig/BaseRig2/"
        string sourceFilename = "MotionCapture_Pipeline26.blend"
    }
    defaultPrim = "root"
    metersPerUnit = 0.01
    upAxis = "Y"
)

def Xform "root"
{
    custom string userProperties:blenderName:object = "root"
    float3 xformOp:rotateXYZ = (0.000009334667, -0, 0)
    float3 xformOp:scale = (0.9999999, 1, 1)
    double3 xformOp:translate = (0, 0, 0)
    uniform token[] xformOpOrder = ["xformOp:translate", "xformOp:rotateXYZ", "xformOp:scale"]

    def SkelRoot "character"
    {
        float3 xformOp:rotateXYZ = (0, 0, 0)
        float3 xformOp:scale = (1, 1, 1)
        double3 xformOp:translate = (0, 0, 0)
        uniform token[] xformOpOrder = ["xformOp:translate", "xformOp:rotateXYZ", "xformOp:scale"]

        def Xform "OUTPUT"
        {
            float3 xformOp:rotateXYZ = (0, 0, 0)
            float3 xformOp:scale = (1, 1, 1)
            double3 xformOp:translate = (0, 0, 0)
            uniform token[] xformOpOrder = ["xformOp:translate", "xformOp:rotateXYZ", "xformOp:scale"]

            def Xform "root_JNT"
            {
                float3 xformOp:rotateXYZ = (-1.628444e-12, 0, 0)
                float3 xformOp:scale = (1.0000001, 1, 1)
                double3 xformOp:translate = (0, 0, 0)
                uniform token[] xformOpOrder = ["xformOp:translate", "xformOp:rotateXYZ", "xformOp:scale"]

                def Skeleton "root_JNT"
                {
                    uniform matrix4d[] bindTransforms = [( (0.9999998807907104, 0, 0, 0), (0, 1, 1.6292067073209182e-7, 0), (0, -1.6292067073209182e-7, 1, 0), (0, 0, 0, 1) ), ( (0.9999998807907104, 0, 0, 0), (0, 1, 1.6292067073209182e-7, 0), (0, -1.6292067073209182e-7, 1, 0), (0, 89.67141723632812, -4.0774688720703125, 1) ), ( (-4.371138473402425e-8, -0.007857616059482098, -0.9999691843986511, 0), (0, 0.9999692440032959, -0.007857616990804672, 0), (0.9999998807907104, 7.121906383589834e-15, -4.371395334601402e-8, 0), (0, 89.67142486572266, -4.0774688720703125, 1) ), ( (-4.391841557094267e-8, -0.050796233117580414, -0.9987090229988098, 0), (2.220445784552517e-16, 0.9987090826034546, -0.050796233117580414, 0), (0.9999998807907104, -1.8874162233117886e-9, -4.386563645653041e-8, 0), (3.388131385120418e-21, 96.24057006835938, -4.12908935546875, 1) ), ( (-4.4345014771352e-8, -0.10510430485010147, -0.994461178779602, 0), (2.220445784552517e-16, 0.9944611191749573, -0.10510429739952087, 0), (0.9999998807907104, -4.317378454743448e-9, -4.4103313001642164e-8, 0), (1.481310911674344e-15, 102.80069732666016, -4.46274995803833, 1) ), ( (-4.52378898785355e-8, -0.11567866057157516, -0.9932866096496582, 0), (4.440891569105034e-16, 0.9932866096496582, -0.11567866057157516, 0), (0.9999998807907104, -4.889586513456834e-9, -4.493811545103199e-8, 0), (2.962697209280994e-15, 109.33354187011719, -5.15320348739624, 1) ), ( (-4.4167197899014354e-8, -0.06319364160299301, -0.998001217842102, 0), (-2.220445784552517e-16, 0.9980011582374573, -0.06319363415241241, 0), (0.9999998807907104, -2.44761255707715e-9, -4.408283515999756e-8, 0), (5.902783721067981e-15, 115.85879516601562, -5.913137435913086, 1) ), ( (0.9999998211860657, -7.1171779580936345e-9, -1.5608229986252553e-11, 0), (2.791092912346471e-9, 0.9999996423721313, 1.7782177508252062e-7, 0), (4.5580955676527424e-10, -1.5547007592431328e-7, 0.9999998807907104, 0), (4.5472519081049805e-15, 122.41246032714844, -6.328114986419678, 1) ), ( (0.9999998211860657, -7.1171779580936345e-9, 4.402000985948007e-10, 0), (2.791092912346471e-9, 0.9999996423721313, 1.623415357698832e-7, 0), (1.3045119480554405e-15, -1.3998983661167586e-7, 0.9999998807907104, 0), (2.736057758331299, 141.4733123779297, -4.743877410888672, 1) ), ( (0.7384617924690247, 0.6351137161254883, -0.22650669515132904, 0), (0.6481743454933167, -0.7611977458000183, -0.021169234067201614, 0), (-0.18586117029190063, -0.13118307292461395, -0.9737793803215027, 0), (17.629072189331055, 137.69615173339844, -5.809895038604736, 1) ), ( (0.7384586930274963, 0.6351173520088196, -0.22650665044784546, 0), (0.6481781005859375, -0.7611945867538452, -0.0211693923920393, 0), (-0.18586058914661407, -0.13118383288383484, -0.9737793803215027, 0), (26.4008731842041, 127.39485931396484, -6.09637975692749, 1) ), ( (0.738460898399353, 0.6351149678230286, -0.22650615870952606, 0), (0.6443961262702942, -0.5657867789268494, 0.5144306421279907, 0), (0.19856847822666168, -0.5258466005325317, -0.8270766139030457, 0), (35.172672271728516, 117.09357452392578, -6.3828654289245605, 1) ), ( (0.7384610772132874, 0.6351147294044495, -0.22650620341300964, 0), (0.6443960070610046, -0.5657870769500732, 0.5144304633140564, 0), (0.19856813549995422, -0.525846540927887, -0.8270767331123352, 0), (43.66279220581055, 109.63919830322266, 0.3949262797832489, 1) ), ( (0.6344578266143799, -0.631847083568573, 0.4452332556247711, 0), (0.7680161595344543, 0.5803455710411072, -0.27083390951156616, 0), (-0.08726363629102707, 0.5137788653373718, 0.8534730076789856, 0), (52.152915954589844, 102.184814453125, 7.172718524932861, 1) ), ( (0.634456992149353, -0.6318476796150208, 0.4452335238456726, 0), (0.7680168747901917, 0.5803447365760803, -0.27083373069763184, 0), (-0.08726334571838379, 0.5137790441513062, 0.8534729480743408, 0), (58.56515121459961, 95.85780334472656, 11.637107849121094, 1) ), ( (0.6381521224975586, -0.6022464036941528, 0.4796469211578369, 0), (0.6911300420761108, 0.7226282358169556, -0.012187780812382698, 0), (-0.3392665684223175, 0.3392757773399353, 0.8773769736289978, 0), (52.76898193359375, 101.92776489257812, 8.912761688232422, 1) ), ( (0.5106625556945801, -0.6342546343803406, 0.5804694294929504, 0), (0.8142409920692444, 0.5735710263252258, -0.08960425853729248, 0), (-0.27610862255096436, 0.5183993577957153, 0.8093369007110596, 0), (57.86405944824219, 96.6994857788086, 13.104947090148926, 1) ), ( (0.3836666941642761, -0.7126221060752869, 0.5873410701751709, 0), (0.8812294006347656, 0.4726850986480713, -0.0021332441829144955, 0), (-0.2761072516441345, 0.5184004902839661, 0.8093366026878357, 0), (60.0462532043457, 93.9891586303711, 15.585441589355469, 1) ), ( (0.28720274567604065, -0.7590953707695007, 0.5841992497444153, 0), (0.9172132015228271, 0.3937458395957947, 0.06070523336529732, 0), (-0.27610719203948975, 0.5184004306793213, 0.8093366622924805, 0), (61.094703674316406, 92.0417709350586, 17.190473556518555, 1) ), ( (0.6578001976013184, -0.5804815888404846, 0.47993767261505127, 0), (0.7206011414527893, 0.6704413294792175, -0.17675788700580597, 0), (-0.21916550397872925, 0.46211478114128113, 0.859311580657959, 0), (53.16960144042969, 101.5866470336914, 7.831817150115967, 1) ), ( (0.4729849100112915, -0.7629154920578003, 0.4407327175140381, 0), (0.8571112155914307, 0.5142807960510254, -0.02960561215877533, 0), (-0.20407399535179138, 0.3917597830295563, 0.897149920463562, 0), (58.73157501220703, 95.16402435302734, 11.403139114379883, 1) ), ( (0.24250243604183197, -0.8676432371139526, 0.4340369701385498, 0), (0.9484448432922363, 0.30613642930984497, 0.08205878734588623, 0), (-0.20407246053218842, 0.3917604386806488, 0.8971499800682068, 0), (60.655086517333984, 92.06143188476562, 13.19549560546875, 1) ), ( (0.2848204970359802, -0.8530310392379761, 0.43728208541870117, 0), (0.9366066455841064, 0.3447646498680115, 0.062499139457941055, 0), (-0.20407330989837646, 0.3917600214481354, 0.8971499800682068, 0), (61.366519927978516, 89.51603698730469, 14.468825340270996, 1) ), ( (0.7175773978233337, -0.6395278573036194, 0.2758391201496124, 0), (0.6963835954666138, 0.6522435545921326, -0.29938170313835144, 0), (0.011548555456101894, 0.4069191515445709, 0.9133911728858948, 0), (53.759971618652344, 100.2230224609375, 5.453703880310059, 1) ), ( (0.10115717351436615, -0.9469611048698425, 0.3050123453140259, 0), (0.9669964909553528, 0.021523993462324142, -0.25388044118881226, 0), (0.2338496744632721, 0.3206275403499603, 0.9178847670555115, 0), (57.710262298583984, 93.89884948730469, 7.910567760467529, 1) ), ( (0.17387346923351288, -0.9426336884498596, 0.28497442603111267, 0), (0.9565999507904053, 0.09295541048049927, -0.2761821448802948, 0), (0.23384854197502136, 0.3206271231174469, 0.9178851842880249, 0), (57.984004974365234, 91.31084442138672, 8.744848251342773, 1) ), ( (0.16200746595859528, -0.9437128901481628, 0.2883751392364502, 0), (0.9586806893348694, 0.08126815408468246, -0.27263113856315613, 0), (0.23384961485862732, 0.32062777876853943, 0.9178847074508667, 0), (58.34151077270508, 89.37263488769531, 9.330802917480469, 1) ), ( (0.6981921792030334, -0.6476244926452637, 0.3051396608352661, 0), (0.7145457863807678, 0.6566997766494751, -0.24118594825267792, 0), (-0.04418738931417465, 0.3864302337169647, 0.9212594628334045, 0), (53.62070083618164, 101.1121826171875, 7.284888744354248, 1) ), ( (0.5412055850028992, -0.7703455686569214, 0.337141215801239, 0), (0.8391375541687012, 0.46889427304267883, -0.275657594203949, 0), (0.054267894476652145, 0.43209517002105713, 0.9001936316490173, 0), (58.18854522705078, 94.31076049804688, 9.892547607421875, 1) ), ( (0.1834777295589447, -0.8904873728752136, 0.41637539863586426, 0), (0.9815248847007751, 0.1425694227218628, -0.12760625779628754, 0), (0.05426923185586929, 0.43209561705589294, 0.9001933336257935, 0), (59.983726501464844, 91.75550842285156, 11.010852813720703, 1) ), ( (0.18574054539203644, -0.890156090259552, 0.4160803556442261, 0), (0.9810993075370789, 0.14462287724018097, -0.12856511771678925, 0), (0.05426814779639244, 0.4320957660675049, 0.9001933336257935, 0), (60.555660247802734, 88.9797134399414, 12.308762550354004, 1) ), ( (0.11528348922729492, -0.45355024933815, 0.8837432265281677, 0), (-0.40774649381637573, 0.7896593809127808, 0.4584551751613617, 0), (-0.905788779258728, -0.4131956994533539, -0.09389843791723251, 0), (52.673797607421875, 100.3380355834961, 10.989527702331543, 1) ), ( (0.20253989100456238, -0.6168422102928162, 0.7605809569358826, 0), (-0.37218883633613586, 0.6699074506759644, 0.6424171924591064, 0), (-0.9057891368865967, -0.4131949841976166, -0.09389837831258774, 0), (53.068870544433594, 98.78374481201172, 14.018082618713379, 1) ), ( (0.21868257224559784, -0.6485654711723328, 0.7290686964988708, 0), (-0.3344757854938507, 0.6520678400993347, 0.6803922653198242, 0), (-0.9166814088821411, -0.3926458954811096, -0.07433313131332397, 0), (53.796138763427734, 96.5688247680664, 16.749130249023438, 1) ), ( (-0.9999998211860657, 7.1171570859007716e-9, 1.5101139183570922e-7, 0), (2.791092912346471e-9, 0.9999996423721313, 1.623415357698832e-7, 0), (-1.5145158727136732e-7, 1.3998985082253057e-7, -0.9999998807907104, 0), (-2.736057758331299, 141.4733123779297, -4.743877410888672, 1) ), ( (-0.7384617924690247, 0.6351137161254883, -0.22650660574436188, 0), (-0.6481743454933167, -0.7611977458000183, -0.02116921916604042, 0), (-0.18586111068725586, 0.13118302822113037, 0.9737793803215027, 0), (-17.629072189331055, 137.69615173339844, -5.809895038604736, 1) ), ( (-0.7384586930274963, 0.6351173520088196, -0.2265065610408783, 0), (-0.6481781005859375, -0.7611945867538452, -0.02116938680410385, 0), (-0.1858605444431305, 0.13118378818035126, 0.9737793803215027, 0), (-26.4008731842041, 127.39485931396484, -6.09637975692749, 1) ), ( (-0.7384608387947083, 0.6351150274276733, -0.2265060544013977, 0), (-0.644396185874939, -0.5657868385314941, 0.5144306421279907, 0), (0.19856855273246765, 0.525846540927887, 0.8270766139030457, 0), (-35.172672271728516, 117.09357452392578, -6.382864952087402, 1) ), ( (-0.7384610772132874, 0.6351147890090942, -0.2265060842037201, 0), (-0.6443960666656494, -0.5657870769500732, 0.5144305229187012, 0), (0.19856828451156616, 0.525846540927887, 0.8270766735076904, 0), (-43.66279220581055, 109.63919067382812, 0.3949272334575653, 1) ), ( (-0.6344579458236694, -0.6318470239639282, 0.44523343443870544, 0), (-0.7680161595344543, 0.580345630645752, -0.2708338797092438, 0), (-0.08726375550031662, -0.5137790441513062, -0.853472888469696, 0), (-52.15291213989258, 102.18480682373047, 7.1727190017700195, 1) ), ( (-0.6344572901725769, -0.6318476796150208, 0.4452334940433502, 0), (-0.7680167555809021, 0.5803448557853699, -0.2708338797092438, 0), (-0.08726328611373901, -0.5137791633605957, -0.853472888469696, 0), (-58.565147399902344, 95.85779571533203, 11.637107849121094, 1) ), ( (-0.6381522417068481, -0.6022464632987976, 0.4796469509601593, 0), (-0.6911299824714661, 0.7226282358169556, -0.012187810614705086, 0), (-0.33926647901535034, -0.33927586674690247, -0.8773768544197083, 0), (-52.76898193359375, 101.9277572631836, 8.912761688232422, 1) ), ( (-0.5106627345085144, -0.6342546939849854, 0.5804693698883057, 0), (-0.8142409324645996, 0.5735708475112915, -0.08960432559251785, 0), (-0.27610844373703003, -0.5183994174003601, -0.8093369007110596, 0), (-57.86405944824219, 96.69947814941406, 13.104947090148926, 1) ), ( (-0.3836667835712433, -0.7126222252845764, 0.5873410701751709, 0), (-0.8812294006347656, 0.47268494963645935, -0.0021331030875444412, 0), (-0.27610722184181213, -0.5184004306793213, -0.8093366622924805, 0), (-60.04624938964844, 93.98915100097656, 15.585441589355469, 1) ), ( (-0.28720295429229736, -0.7590952515602112, 0.5841994881629944, 0), (-0.9172132015228271, 0.3937457799911499, 0.06070524454116821, 0), (-0.27610716223716736, -0.5184005498886108, -0.8093366026878357, 0), (-61.09469985961914, 92.04176330566406, 17.190475463867188, 1) ), ( (-0.6578003764152527, -0.5804815888404846, 0.47993767261505127, 0), (-0.7206012010574341, 0.6704413890838623, -0.17675788700580597, 0), (-0.21916547417640686, -0.4621148705482483, -0.859311580657959, 0), (-53.169593811035156, 101.58663940429688, 7.831818103790283, 1) ), ( (-0.47298532724380493, -0.762915313243866, 0.44073283672332764, 0), (-0.8571112155914307, 0.5142810344696045, -0.029606005176901817, 0), (-0.20407377183437347, -0.39176008105278015, -0.8971498608589172, 0), (-58.7315673828125, 95.16401672363281, 11.403141021728516, 1) ), ( (-0.24250257015228271, -0.8676433563232422, 0.43403685092926025, 0), (-0.9484449625015259, 0.30613648891448975, 0.0820588767528534, 0), (-0.2040724754333496, -0.3917604088783264, -0.8971500396728516, 0), (-60.65507888793945, 92.0614242553711, 13.195496559143066, 1) ), ( (-0.28482064604759216, -0.8530310988426208, 0.4372820556163788, 0), (-0.9366067051887512, 0.34476470947265625, 0.062499165534973145, 0), (-0.20407328009605408, -0.39176011085510254, -0.8971499800682068, 0), (-61.366512298583984, 89.51602935791016, 14.468827247619629, 1) ), ( (-0.7175774574279785, -0.6395278573036194, 0.2758391499519348, 0), (-0.696383535861969, 0.6522435545921326, -0.29938170313835144, 0), (0.011548585258424282, -0.4069192409515381, -0.9133910536766052, 0), (-53.75996398925781, 100.2230224609375, 5.453704357147217, 1) ), ( (-0.10115702450275421, -0.9469611048698425, 0.30501243472099304, 0), (-0.9669964909553528, 0.021523695439100266, -0.2538803219795227, 0), (0.23384970426559448, -0.3206276297569275, -0.9178846478462219, 0), (-57.71025466918945, 93.89884948730469, 7.910567760467529, 1) ), ( (-0.17387361824512482, -0.9426336288452148, 0.2849743068218231, 0), (-0.9565998911857605, 0.09295544773340225, -0.2761821448802948, 0), (0.23384858667850494, -0.3206270933151245, -0.9178851246833801, 0), (-57.9839973449707, 91.31084442138672, 8.744848251342773, 1) ), ( (-0.16200757026672363, -0.9437128901481628, 0.28837504982948303, 0), (-0.9586806297302246, 0.08126814663410187, -0.27263110876083374, 0), (0.2338496744632721, -0.32062774896621704, -0.9178845882415771, 0), (-58.34150314331055, 89.37263488769531, 9.330802917480469, 1) ), ( (-0.6981923580169678, -0.6476246118545532, 0.30513954162597656, 0), (-0.7145457863807678, 0.6566998362541199, -0.24118594825267792, 0), (-0.044187236577272415, -0.38643020391464233, -0.9212594628334045, 0), (-53.620697021484375, 101.1121826171875, 7.284889221191406, 1) ), ( (-0.5412055850028992, -0.7703458070755005, 0.3371412456035614, 0), (-0.8391377329826355, 0.4688941240310669, -0.2756575047969818, 0), (0.05426797270774841, -0.4320951998233795, -0.9001935720443726, 0), (-58.188541412353516, 94.31076049804688, 9.892546653747559, 1) ), ( (-0.18347784876823425, -0.8904874920845032, 0.41637542843818665, 0), (-0.9815250039100647, 0.14256933331489563, -0.12760622799396515, 0), (0.054269298911094666, -0.4320957064628601, -0.9001932740211487, 0), (-59.98372268676758, 91.75550842285156, 11.010851860046387, 1) ), ( (-0.18574082851409912, -0.8901562690734863, 0.41608017683029175, 0), (-0.9810993671417236, 0.14462295174598694, -0.12856513261795044, 0), (0.0542682446539402, -0.43209564685821533, -0.9001933336257935, 0), (-60.55565643310547, 88.9797134399414, 12.308761596679688, 1) ), ( (-0.11528387665748596, -0.45355045795440674, 0.8837430477142334, 0), (0.4077465832233429, 0.7896594405174255, 0.45845532417297363, 0), (-0.9057887196540833, 0.4131959080696106, 0.09389845281839371, 0), (-52.673797607421875, 100.33802795410156, 10.989527702331543, 1) ), ( (-0.20254026353359222, -0.6168424487113953, 0.7605807185173035, 0), (0.3721887767314911, 0.6699074506759644, 0.6424172520637512, 0), (-0.9057890772819519, 0.4131951630115509, 0.09389840066432953, 0), (-53.068870544433594, 98.78373718261719, 14.018082618713379, 1) ), ( (-0.21868301928043365, -0.6485655307769775, 0.7290684580802917, 0), (0.3344757556915283, 0.6520678997039795, 0.6803922057151794, 0), (-0.9166813492774963, 0.3926461935043335, 0.0743330717086792, 0), (-53.796138763427734, 96.56881713867188, 16.749130249023438, 1) ), ( (-4.368914829910864e-8, 0.3327868580818176, -0.9430018663406372, 0), (2.7836932758873445e-9, 0.9430015087127686, 0.3327869176864624, 0), (0.9999998211860657, 5.2487450830085436e-8, -3.7268499397669075e-8, 0), (5.585260254292734e-8, 144.1188507080078, -4.5402960777282715, 1) ), ( (-4.315102941632176e-8, 0.33278679847717285, -0.9430018663406372, 0), (2.220445784552517e-16, 0.9430015087127686, 0.3327868580818176, 0), (0.9999998211860657, 5.493339827467025e-8, -3.5834673894896696e-8, 0), (6.778515881933345e-8, 148.16111755371094, -3.1137659549713135, 1) ), ( (-4.604293835086537e-8, 0.33278676867485046, -0.9430018663406372, 0), (-1.1090539868090476e-16, 0.9430015087127686, 0.33278682827949524, 0), (0.9999998211860657, 5.589578933040684e-8, -3.8561754678312354e-8, 0), (6.778515881933345e-8, 152.203369140625, -1.6872355937957764, 1) ), ( (-4.315103652174912e-8, 0.3327866494655609, -0.943001925945282, 0), (1.3437332792824589e-15, 0.9430015683174133, 0.3327867090702057, 0), (0.9999998211860657, 5.4933394721956574e-8, -3.583468455303773e-8, 0), (6.778518724104288e-8, 156.24563598632812, -0.2607051730155945, 1) ), ( (0.9999998211860657, 6.816031117296006e-8, 1.377909075728212e-8, 0), (-1.4360085565101599e-8, 0.9999994039535522, 1.6292057125610881e-7, 0), (-5.60348156763979e-10, -2.523275952626136e-7, 0.9999998211860657, 0), (6.778508776505987e-8, 160.45579528808594, -1.7760252952575684, 1) ), ( (0.9999998211860657, 6.816031117296006e-8, 1.321868214887445e-8, 0), (-1.4360085565101599e-8, 0.9999994039535522, 1.6292057125610881e-7, 0), (6.022959230965116e-14, -2.523275952626136e-7, 0.9999998211860657, 0), (1.2987720966339111, 166.85733032226562, 8.577912330627441, 1) ), ( (-0.9999998211860657, -6.816026854039592e-8, -1.6477487463362195e-7, 0), (-1.4360085565101599e-8, 0.9999994039535522, 1.6292057125610881e-7, 0), (1.5155612231865234e-7, 2.5232762368432304e-7, -0.9999998211860657, 0), (-1.2987720966339111, 166.85733032226562, 8.577912330627441, 1) ), ( (0.9999998211860657, 6.816031117296006e-8, 1.321868214887445e-8, 0), (-1.4360085565101599e-8, 0.9999994039535522, 1.6292057125610881e-7, 0), (6.022959230965116e-14, -2.523275952626136e-7, 0.9999998211860657, 0), (3.5669891834259033, 167.277587890625, 8.461706161499023, 1) ), ( (-0.9999998211860657, -6.816026854039592e-8, -1.6477487463362195e-7, 0), (-1.4360085565101599e-8, 0.9999994039535522, 1.6292057125610881e-7, 0), (1.5155612231865234e-7, 2.5232762368432304e-7, -0.9999998211860657, 0), (-3.5669891834259033, 167.277587890625, 8.461706161499023, 1) ), ( (0.9999998211860657, 6.816031117296006e-8, 1.321868214887445e-8, 0), (-1.4360085565101599e-8, 0.9999994039535522, 1.6292057125610881e-7, 0), (6.022959230965116e-14, -2.523275952626136e-7, 0.9999998211860657, 0), (5.945980072021484, 165.63116455078125, 6.233292102813721, 1) ), ( (-0.9999998211860657, -6.816026854039592e-8, -1.6477487463362195e-7, 0), (-1.4360085565101599e-8, 0.9999994039535522, 1.6292057125610881e-7, 0), (1.5155612231865234e-7, 2.5232762368432304e-7, -0.9999998211860657, 0), (-5.945980072021484, 165.63116455078125, 6.233292102813721, 1) ), ( (0.9999998211860657, 6.816031117296006e-8, 1.321868214887445e-8, 0), (-1.4360085565101599e-8, 0.9999994039535522, 1.6292057125610881e-7, 0), (6.022959230965116e-14, -2.523275952626136e-7, 0.9999998211860657, 0), (5.389179229736328, 161.37107849121094, 6.359191417694092, 1) ), ( (-0.9999998211860657, -6.816026854039592e-8, -1.6477487463362195e-7, 0), (-1.4360085565101599e-8, 0.9999994039535522, 1.6292057125610881e-7, 0), (1.5155612231865234e-7, 2.5232762368432304e-7, -0.9999998211860657, 0), (-5.389179229736328, 161.37107849121094, 6.359191417694092, 1) ), ( (0.9999998211860657, 6.816031117296006e-8, 1.321868214887445e-8, 0), (-1.4360085565101599e-8, 0.9999994039535522, 1.6292057125610881e-7, 0), (6.022959230965116e-14, -2.523275952626136e-7, 0.9999998211860657, 0), (4.500104904174805, 164.6797332763672, 6.698531150817871, 1) ), ( (-0.9999998211860657, -6.816026854039592e-8, -1.6477487463362195e-7, 0), (-1.4360085565101599e-8, 0.9999994039535522, 1.6292057125610881e-7, 0), (1.5155612231865234e-7, 2.5232762368432304e-7, -0.9999998211860657, 0), (-4.500104904174805, 164.6797332763672, 6.698531150817871, 1) ), ( (0.9999998211860657, 5.38002495886758e-8, 1.321867948433919e-8, 0), (-2.2204457104371342e-14, 0.9999994039535522, 1.6292057125610881e-7, 0), (6.022959230965116e-14, -2.523275952626136e-7, 0.9999998211860657, 0), (-6.766230598032053e-8, 175.2213897705078, -1.7760229110717773, 1) ), ( (0.9999998211860657, 5.380024603596212e-8, 1.3218685701588129e-8, 0), (1.34336969038985e-14, 0.8455324769020081, 0.5339229702949524, 0), (5.6843412084544437e-14, -0.5339228510856628, 0.8455328941345215, 0), (-6.766188676010643e-8, 162.32412719726562, -2.4626266956329346, 1) ), ( (0.9999998211860657, 5.38002495886758e-8, 1.321868037251761e-8, 0), (1.451396714944285e-14, 0.845532238483429, 0.5339232087135315, 0), (6.19911768944513e-14, -0.5339231491088867, 0.8455327153205872, 0), (-6.766190097096114e-8, 154.90252685546875, 9.290329933166504, 1) ), ( (0.9999998211860657, 5.38002495886758e-8, 1.321868037251761e-8, 0), (-2.0841108447854605e-14, 0.9999993443489075, 7.351358988216816e-8, 0), (6.015126547895266e-14, -2.2252528708577302e-7, 0.9999998211860657, 0), (-6.766217808262809e-8, 156.61801147460938, 9.63714599609375, 1) ), ( (0.9999998211860657, 6.816031117296006e-8, 1.321868214887445e-8, 0), (-1.4360085565101599e-8, 0.9999994039535522, 1.6292057125610881e-7, 0), (6.022959230965116e-14, -2.523275952626136e-7, 0.9999998211860657, 0), (3.2711126804351807, 164.1758270263672, 7.330162048339844, 1) ), ( (-0.9999998211860657, -6.816026854039592e-8, -1.6477487463362195e-7, 0), (-1.4360085565101599e-8, 0.9999994039535522, 1.6292057125610881e-7, 0), (1.5155612231865234e-7, 2.5232762368432304e-7, -0.9999998211860657, 0), (-3.2711126804351807, 164.1758270263672, 7.330162048339844, 1) ), ( (0.9999998211860657, 5.4459260212524896e-8, 1.321867948433919e-8, 0), (-6.590318846200205e-10, 0.9999994039535522, 1.6292057125610881e-7, 0), (6.022959230965116e-14, -2.523275952626136e-7, 0.9999998211860657, 0), (-0.1695580929517746, 157.2249298095703, 8.736459732055664, 1) ), ( (0.9999998211860657, 5.719946827298372e-8, 1.321867948433919e-8, 0), (-3.399243109214467e-9, 0.9999994039535522, 1.6292057125610881e-7, 0), (6.022959230965116e-14, -2.523275952626136e-7, 0.9999998211860657, 0), (0.6808638572692871, 157.3900146484375, 8.81003189086914, 1) ), ( (0.9999998211860657, 6.816031117296006e-8, 1.321868214887445e-8, 0), (-1.4360085565101599e-8, 0.9999994039535522, 1.6292057125610881e-7, 0), (6.022959230965116e-14, -2.523275952626136e-7, 0.9999998211860657, 0), (1.5193756818771362, 157.44386291503906, 8.483647346496582, 1) ), ( (-0.9999998211860657, -5.7199429193133255e-8, -1.6477487463362195e-7, 0), (-3.399243109214467e-9, 0.9999994039535522, 1.6292057125610881e-7, 0), (1.5155612231865234e-7, 2.5232762368432304e-7, -0.9999998211860657, 0), (-0.6808639764785767, 157.3900146484375, 8.81003189086914, 1) ), ( (-0.9999998211860657, -6.816026854039592e-8, -1.6477487463362195e-7, 0), (-1.4360085565101599e-8, 0.9999994039535522, 1.6292057125610881e-7, 0), (1.5155612231865234e-7, 2.5232762368432304e-7, -0.9999998211860657, 0), (-1.5193756818771362, 157.44386291503906, 8.483647346496582, 1) ), ( (0.9999998211860657, 2.431696266569361e-8, 1.3218674155268673e-8, 0), (2.948327804119799e-8, 0.9999993443489075, 1.629205570452541e-7, 0), (6.017408115841991e-14, -2.523275952626136e-7, 0.9999998211860657, 0), (2.3444583415985107, 157.77230834960938, 8.009998321533203, 1) ), ( (-0.9999998211860657, -2.231333517954681e-8, -1.6447066286673362e-7, 0), (2.9477055463189572e-8, 0.9999111294746399, 0.013269603252410889, 0), (1.5165642253123224e-7, 0.013269693590700626, -0.9999118447303772, 0), (-2.344458818435669, 157.77230834960938, 8.009998321533203, 1) ), ( (0.9999998211860657, 6.816031117296006e-8, 1.321868214887445e-8, 0), (-1.4360085565101599e-8, 0.9999994039535522, 1.6292057125610881e-7, 0), (6.022959230965116e-14, -2.523275952626136e-7, 0.9999998211860657, 0), (3.097050428390503, 165.18768310546875, 7.59337043762207, 1) ), ( (-0.9999998211860657, -6.61566943449543e-8, -1.6476157327360852e-7, 0), (-1.4366260181475354e-8, 0.9999116659164429, 0.013269261457026005, 0), (1.5136555475692148e-7, 0.013269341550767422, -0.9999117851257324, 0), (-3.097050428390503, 165.18768310546875, 7.59337043762207, 1) ), ( (0.9999998211860657, 5.4459260212524896e-8, 1.321867948433919e-8, 0), (-6.590318846200205e-10, 0.9999994039535522, 1.6292057125610881e-7, 0), (6.022959230965116e-14, -2.523275952626136e-7, 0.9999998211860657, 0), (-0.1695580929517746, 158.53736877441406, 8.9561767578125, 1) ), ( (0.9999998211860657, 6.816031117296006e-8, 1.321868214887445e-8, 0), (-1.4360085565101599e-8, 0.9999994039535522, 1.6292057125610881e-7, 0), (6.022959230965116e-14, -2.523275952626136e-7, 0.9999998211860657, 0), (1.0717988014221191, 158.41058349609375, 9.063286781311035, 1) ), ( (0.9999998211860657, 6.816031117296006e-8, 1.321868214887445e-8, 0), (-1.4360085565101599e-8, 0.9999994039535522, 1.6292057125610881e-7, 0), (6.022959230965116e-14, -2.523275952626136e-7, 0.9999998211860657, 0), (1.4998997449874878, 158.1997528076172, 8.716663360595703, 1) ), ( (-0.9999998211860657, -6.816026854039592e-8, -1.6477487463362195e-7, 0), (-1.4360085565101599e-8, 0.9999994039535522, 1.6292057125610881e-7, 0), (1.5155612231865234e-7, 2.5232762368432304e-7, -0.9999998211860657, 0), (-1.0717988014221191, 158.41058349609375, 9.063286781311035, 1) ), ( (-0.9999998211860657, -6.816026854039592e-8, -1.6477487463362195e-7, 0), (-1.4360085565101599e-8, 0.9999994039535522, 1.6292057125610881e-7, 0), (1.5155612231865234e-7, 2.5232762368432304e-7, -0.9999998211860657, 0), (-1.4998997449874878, 158.1997528076172, 8.716663360595703, 1) ), ( (0.9999998211860657, 6.711755418109533e-8, 9.76186953494107e-9, 0), (-1.3758674199948473e-8, 0.9679226279258728, -0.2512461245059967, 0), (5.828670201655714e-14, 0.2512459456920624, 0.9679230451583862, 0), (1.2987720966339111, 166.85733032226562, 8.577912330627441, 1) ), ( (0.9999998211860657, 6.741791480635584e-8, 1.0306986375496763e-8, 0), (-1.3925509634304944e-8, 0.9778957366943359, -0.20909075438976288, 0), (5.856425777271343e-14, 0.20909059047698975, 0.9778960943222046, 0), (5.945980072021484, 165.63116455078125, 6.233292102813721, 1) ), ( (-0.9999998211860657, -1.0609738865241525e-7, -1.5993138902103965e-7, 0), (-1.3758672423591634e-8, 0.9679225087165833, -0.2512461245059967, 0), (1.5514605422595196e-7, -0.25124597549438477, -0.9679230451583862, 0), (-1.2987720966339111, 166.85733032226562, 8.577912330627441, 1) ), ( (-0.9999998211860657, -9.973211234637347e-8, -1.6143728487350018e-7, 0), (-1.3925506969769685e-8, 0.9778957962989807, -0.20909078419208527, 0), (1.545463135244063e-7, -0.20909059047698975, -0.9778960943222046, 0), (-5.945980072021484, 165.63116455078125, 6.233292102813721, 1) ), ( (0.9999998211860657, 6.815596265141721e-8, 1.3123438336037907e-8, 0), (-1.4356050570540901e-8, 0.9999773502349854, -0.006634550169110298, 0), (5.617727826976934e-14, 0.0066344584338366985, 0.9999778270721436, 0), (3.1111738681793213, 164.92218017578125, 5.997575283050537, 1) ), ( (0.9999998211860657, 6.815596265141721e-8, 1.3123438336037907e-8, 0), (-1.4356050570540901e-8, 0.9999773502349854, -0.006634550169110298, 0), (5.617727826976934e-14, 0.0066344584338366985, 0.9999778270721436, 0), (-3.1111738681793213, 164.92218017578125, 5.997575283050537, 1) ), ( (0.9999998211860657, 6.640423322323841e-8, 8.785905336594624e-9, 0), (-1.3360799577810667e-8, 0.9433580636978149, -0.3317750096321106, 0), (5.723199014316324e-14, 0.3317747712135315, 0.9433583617210388, 0), (3.1111738681793213, 164.92218017578125, 5.997575283050537, 1) ), ( (-0.9999998211860657, -1.1825689227862313e-7, -1.5622221383182477e-7, 0), (-1.336079069602647e-8, 0.9433577060699463, -0.33177483081817627, 0), (1.562886922101825e-7, -0.3317747414112091, -0.943358302116394, 0), (-3.1111738681793213, 164.92218017578125, 5.997575283050537, 1) ), ( (0.9999998211860657, 2.431696266569361e-8, 1.3218674155268673e-8, 0), (2.948327804119799e-8, 0.9999993443489075, 1.629205570452541e-7, 0), (6.017408115841991e-14, -2.523275952626136e-7, 0.9999998211860657, 0), (2.3444583415985107, 157.77230834960938, 8.009998321533203, 1) ), ( (-0.9999998211860657, -2.4316920033129463e-8, -1.647748320010578e-7, 0), (2.9483267383056955e-8, 0.9999991059303284, 1.6292052862354467e-7, 0), (1.5155610810779763e-7, 2.5232762368432304e-7, -0.9999998211860657, 0), (-2.344458818435669, 157.77230834960938, 8.009998321533203, 1) ), ( (0.9999998211860657, 5.38002495886758e-8, 1.321867948433919e-8, 0), (-2.0428101959036986e-14, 0.9999994039535522, 1.6292057125610881e-7, 0), (6.022959230965116e-14, -2.523275952626136e-7, 0.9999998211860657, 0), (-6.766213545006394e-8, 159.1587371826172, 9.864741325378418, 1) ), ( (0.9999998211860657, 5.4459260212524896e-8, 1.321867948433919e-8, 0), (-6.590318846200205e-10, 0.9999994039535522, 1.6292057125610881e-7, 0), (6.022959230965116e-14, -2.523275952626136e-7, 0.9999998211860657, 0), (-0.11765845865011215, 167.17849731445312, 9.126412391662598, 1) ), ( (0.9999998211860657, 5.377420819741019e-8, 1.321867948433919e-8, 0), (2.6020071514087917e-11, 0.9999994039535522, 1.6292057125610881e-7, 0), (6.022959230965116e-14, -2.523275952626136e-7, 0.9999998211860657, 0), (0.0380404107272625, 163.67503356933594, 9.45051383972168, 1) ), ( (0.9999998211860657, 2.4316952007552572e-8, 1.3218674155268673e-8, 0), (2.9483288699339028e-8, 0.9999994039535522, 1.6292057125610881e-7, 0), (6.022959230965116e-14, -2.523275952626136e-7, 0.9999998211860657, 0), (2.53902006149292, 161.09591674804688, 8.874038696289062, 1) ), ( (-0.9999998211860657, -2.431699108740304e-8, 1.372166877899872e-7, 0), (2.9483288699339028e-8, 0.9999994039535522, 1.6292057125610881e-7, 0), (-1.5043542589410208e-7, 2.523275952626136e-7, -0.9999998211860657, 0), (-2.539020538330078, 161.09591674804688, 8.874038696289062, 1) ), ( (-0.9926642179489136, -0.10229525715112686, 0.06440805643796921, 0), (0.10881061851978302, -0.9882376194000244, 0.10745436698198318, 0), (0.05266314744949341, 0.11367440223693848, 0.9921189546585083, 0), (7.988014221191406, 89.559326171875, -4.012848854064941, 1) ), ( (-0.9926641583442688, -0.10229512304067612, 0.06440971791744232, 0), (0.1088106632232666, -0.9882376194000244, 0.10745425522327423, 0), (0.05266481637954712, 0.11367446184158325, 0.9921188354492188, 0), (10.084807395935059, 70.51580810546875, -1.9421908855438232, 1) ), ( (0.0808790996670723, -0.9718806147575378, -0.22114674746990204, 0), (0.08683664351701736, -0.21416066586971283, 0.9729288816452026, 0), (-0.9929317831993103, -0.09789431095123291, 0.0670691505074501, 0), (12.050836563110352, 51.51265335083008, 0.6026669144630432, 1) ), ( (0.17678232491016388, -0.00001840775803430006, 0.9842483401298523, 0), (0.000003822147391474573, 1, 0.000017670388842816465, 0), (-0.9842477440834045, 1.5902744010531933e-8, 0.1767776906490326, 0), (15.808330535888672, 6.36108922958374, -9.671445846557617, 1) ), ( (0.17677977681159973, -0.000009621103345125448, 0.9842488169670105, 0), (0.0000018554862890596269, 0.9999999403953552, 0.00000909637219592696, 0), (-0.9842482209205627, -4.040227565837995e-7, 0.17677514255046844, 0), (18.098735809326172, -1.0107989311218262, 3.0809085369110107, 1) ), ( (0.17677977681159973, -0.000009270356713386718, 0.9842488169670105, 0), (0.0000017287522950937273, 0.9999999403953552, 0.000008762775905779563, 0), (-0.9842482209205627, -4.6978777845652075e-7, 0.17677514255046844, 0), (19.403427124023438, -1.0108675956726074, 10.345169067382812, 1) ), ( (-0.992664098739624, -0.10229451954364777, 0.06441155821084976, 0), (0.10881025344133377, -0.988237738609314, 0.10745389014482498, 0), (0.05266674607992172, 0.11367426812648773, 0.992118775844574, 0), (12.181599617004395, 51.47229766845703, 0.1284673660993576, 1) ), ( (0.9926643371582031, -0.10229428112506866, 0.06440774351358414, 0), (-0.10881062597036362, -0.9882376194000244, 0.10745437443256378, 0), (0.052662841975688934, -0.11367538571357727, -0.9921188354492188, 0), (-7.988014221191406, 89.559326171875, -4.012848854064941, 1) ), ( (0.9926642775535583, -0.10229413956403732, 0.06440939009189606, 0), (-0.1088106632232666, -0.9882376194000244, 0.10745424777269363, 0), (0.05266449600458145, -0.11367543041706085, -0.9921187162399292, 0), (-10.084807395935059, 70.51580810546875, -1.9421908855438232, 1) ), ( (-0.08087903261184692, -0.9718806743621826, -0.2211475819349289, 0), (-0.08683661371469498, -0.21416059136390686, 0.972928524017334, 0), (-0.9929319024085999, 0.09789329022169113, -0.06706900149583817, 0), (-12.050836563110352, 51.51264953613281, 0.6026671528816223, 1) ), ( (-0.17678265273571014, -0.000017434525943826884, 0.9842480421066284, 0), (-0.000003814696810877649, 1, 0.000017567012037034146, 0), (-0.9842478036880493, -0.0000011185886705789017, -0.1767779439687729, 0), (-15.808330535888672, 6.361085414886475, -9.67144775390625, 1) ), ( (-0.17677970230579376, -0.00000864786943566287, 0.9842485785484314, 0), (-0.000001784443384167389, 1, 0.000009004422281577718, 0), (-0.9842483401298523, -6.340563913909136e-7, -0.1767749935388565, 0), (-18.098735809326172, -1.0108013153076172, 3.0809056758880615, 1) ), ( (-0.17677970230579376, -0.000008472496119793504, 0.9842485785484314, 0), (-0.0000017750172673913767, 1, 0.000008827935744193383, 0), (-0.9842483401298523, -6.559780558745842e-7, -0.1767749935388565, 0), (-19.403427124023438, -1.0108684301376343, 10.345166206359863, 1) ), ( (0.9926642179489136, -0.10229353606700897, 0.0644112378358841, 0), (-0.10881025344133377, -0.988237738609314, 0.10745388269424438, 0), (0.05266643315553665, -0.11367524415254593, -0.9921186566352844, 0), (-12.181599617004395, 51.472293853759766, 0.1284673660993576, 1) )]
